74
136
19
248
49
189
27
63
242
14
222
165
213
163
116
140
0
132
24
159
199
205
102
141
80
113
13
182
168
87
85
215
86
226
52
174
232
131
17
94
217
176
166
209
65
245
16
193
149
69
119
210
1
88
228
3
36
59
40
68
169
18
58
2
44
122
111
105
194
67
110
46
246
108
221
208
212
133
75
200
26
32
158
64
157
240
216
167
8
48
56
15
179
181
115
161
184
173
66
164
196
129
155
144
134
203
243
43
227
185
107
95
244
11
234
53
9
112
201
229
70
51
249
195
34
126
145
30
230
247
236
103
125
198
7
153
101
78
120
92
84
188
31
220
233
142
219
214
180
150
39
77
104
10
204
225
177
223
79
146
5
190
135
33
170
83
89
60
98
152
23
235
21
175
197
42
192
224
35
139
172
151
127
186
29
241
100
96
73
41
37
143
71
187
62
47
162
238
93
117
